<?xml version="1.0"?>
<opencv_storage>
<img_shape type_id="opencv-matrix">
  <rows>2</rows>
  <cols>1</cols>
  <dt>d</dt>
  <data>
    720. 1280.</data></img_shape>
<rms>5.8192564217889786e-01</rms>
<cam_int type_id="opencv-matrix">
  <rows>3</rows>
  <cols>3</cols>
  <dt>d</dt>
  <data>
    6.4105622163216799e+02 0. 6.3188079771720209e+02 0.
    6.4259098940037882e+02 3.5240129602105952e+02 0. 0. 1.</data></cam_int>
<cam_dist type_id="opencv-matrix">
  <rows>1</rows>
  <cols>5</cols>
  <dt>d</dt>
  <data>
    7.7800097051941755e-02 3.1482111453991657e-01
    -1.0548587805841968e-02 -4.4783912040541199e-03
    -8.3826577413913494e-01</data></cam_dist>
<proj_int type_id="opencv-matrix">
  <rows>3</rows>
  <cols>3</cols>
  <dt>d</dt>
  <data>
    2.3695849128068776e+03 0. 9.7028107282484245e+02 0.
    2.3748278601993852e+03 1.1563534857850132e+03 0. 0. 1.</data></proj_int>
<proj_dist type_id="opencv-matrix">
  <rows>1</rows>
  <cols>5</cols>
  <dt>d</dt>
  <data>
    6.8988494723247140e-02 -4.6569423928569265e-01
    1.7244335638464425e-03 3.8228081862809221e-03 1.1459039835750358e+00</data></proj_dist>
<rotation type_id="opencv-matrix">
  <rows>3</rows>
  <cols>3</cols>
  <dt>d</dt>
  <data>
    9.9913129316253246e-01 5.6447950170146702e-03
    -4.1289167012445067e-02 -2.1418949989872010e-02
    9.1945928906018770e-01 -3.9260138097345709e-01
    3.5747553828158050e-02 3.9314469607276925e-01 9.1878145407118061e-01</data></rotation>
<translation type_id="opencv-matrix">
  <rows>3</rows>
  <cols>1</cols>
  <dt>d</dt>
  <data>
    8.1355513801507385e+01 -6.0347606640411371e+00
    5.2716649094530362e+02</data></translation>
</opencv_storage>
