<?xml version="1.0"?>
<opencv_storage>
<img_shape type_id="opencv-matrix">
  <rows>2</rows>
  <cols>1</cols>
  <dt>d</dt>
  <data>
    1536. 2048.</data></img_shape>
<rms>2.1612869314996503e+00</rms>
<cam_int type_id="opencv-matrix">
  <rows>3</rows>
  <cols>3</cols>
  <dt>d</dt>
  <data>
    1.0075177800032748e+03 0. 1.0326853770630055e+03 0.
    1.0122676928226147e+03 7.6635419080670556e+02 0. 0. 1.</data></cam_int>
<cam_dist type_id="opencv-matrix">
  <rows>1</rows>
  <cols>5</cols>
  <dt>d</dt>
  <data>
    1.5022037745938135e-01 -1.8562727353893094e-01
    -3.8880852322195755e-03 3.4680342596634648e-03
    1.4590600921682537e-01</data></cam_dist>
<proj_int type_id="opencv-matrix">
  <rows>3</rows>
  <cols>3</cols>
  <dt>d</dt>
  <data>
    2.3872444660189321e+03 0. 9.7551928044447584e+02 0.
    2.3904479064868306e+03 1.1856566080727343e+03 0. 0. 1.</data></proj_int>
<proj_dist type_id="opencv-matrix">
  <rows>1</rows>
  <cols>5</cols>
  <dt>d</dt>
  <data>
    -1.6100791619319058e-02 1.2701352368177460e-01
    4.1950523697886566e-03 8.5641737015542986e-03
    -1.3247854898258035e-01</data></proj_dist>
<rotation type_id="opencv-matrix">
  <rows>3</rows>
  <cols>3</cols>
  <dt>d</dt>
  <data>
    9.9966387983336369e-01 4.1453933619710797e-03
    -2.5591855547824251e-02 -1.3920110302847500e-02
    9.1859748469125169e-01 -3.9494922667105209e-01
    2.1871394232255422e-02 3.9517271772325074e-01 9.1834642988447290e-01</data></rotation>
<translation type_id="opencv-matrix">
  <rows>3</rows>
  <cols>1</cols>
  <dt>d</dt>
  <data>
    8.0046209901767497e+01 -1.2518160338316820e+01
    5.3434339431947819e+02</data></translation>
</opencv_storage>
