<?xml version="1.0"?>
<opencv_storage>
<img_shape type_id="opencv-matrix">
  <rows>2</rows>
  <cols>1</cols>
  <dt>d</dt>
  <data>
    720. 1280.</data></img_shape>
<rms>5.7740120193125588e-01</rms>
<cam_int type_id="opencv-matrix">
  <rows>3</rows>
  <cols>3</cols>
  <dt>d</dt>
  <data>
    6.3111796416256789e+02 0. 6.4349736956238837e+02 0.
    6.3550453352466650e+02 3.4403182146220854e+02 0. 0. 1.</data></cam_int>
<cam_dist type_id="opencv-matrix">
  <rows>1</rows>
  <cols>5</cols>
  <dt>d</dt>
  <data>
    9.1046332447799680e-02 1.4396864509010021e-01
    -1.6888653305179788e-02 4.6882932710579960e-03
    -3.8505596323647695e-01</data></cam_dist>
<proj_int type_id="opencv-matrix">
  <rows>3</rows>
  <cols>3</cols>
  <dt>d</dt>
  <data>
    1.5410058583090045e+03 0. 6.4591560715974515e+02 0.
    1.5357976259858222e+03 7.3435140534669506e+02 0. 0. 1.</data></proj_int>
<proj_dist type_id="opencv-matrix">
  <rows>1</rows>
  <cols>5</cols>
  <dt>d</dt>
  <data>
    8.1116800132238036e-03 -5.0818239236779739e-01
    -1.6625704092815174e-02 3.4890815055251176e-03
    1.8738218011957943e+00</data></proj_dist>
<rotation type_id="opencv-matrix">
  <rows>3</rows>
  <cols>3</cols>
  <dt>d</dt>
  <data>
    9.9967357570443061e-01 2.6839605281670648e-03
    -2.5407447612879778e-02 -1.2479095507772667e-02
    9.1906355531761930e-01 -3.9391173308527544e-01
    2.2293815591456687e-02 3.9410021269065648e-01 9.1879704404376128e-01</data></rotation>
<translation type_id="opencv-matrix">
  <rows>3</rows>
  <cols>1</cols>
  <dt>d</dt>
  <data>
    8.3049550532864217e+01 8.0125971316179356e+00 5.1115514466694299e+02</data></translation>
</opencv_storage>
