<?xml version="1.0"?>
<opencv_storage>
<img_shape type_id="opencv-matrix">
  <rows>2</rows>
  <cols>1</cols>
  <dt>d</dt>
  <data>
    720. 1280.</data></img_shape>
<rms>5.0680786574506997e-01</rms>
<cam_int type_id="opencv-matrix">
  <rows>3</rows>
  <cols>3</cols>
  <dt>d</dt>
  <data>
    6.3836165369740866e+02 0. 5.7806727411056806e+02 0.
    6.3548810479236511e+02 3.5915018505802436e+02 0. 0. 1.</data></cam_int>
<cam_dist type_id="opencv-matrix">
  <rows>1</rows>
  <cols>5</cols>
  <dt>d</dt>
  <data>
    1.5006315340419707e-01 -4.3331621968324352e-01
    -4.9885058233140800e-03 -4.1947805727893542e-02
    1.2685097178569480e+00</data></cam_dist>
<proj_int type_id="opencv-matrix">
  <rows>3</rows>
  <cols>3</cols>
  <dt>d</dt>
  <data>
    1.7204429451904832e+03 0. 6.1967415647667838e+02 0.
    1.7255502354482192e+03 8.5899417392359339e+02 0. 0. 1.</data></proj_int>
<proj_dist type_id="opencv-matrix">
  <rows>1</rows>
  <cols>5</cols>
  <dt>d</dt>
  <data>
    -1.2144209223590914e-01 7.5151672544703740e-01
    -2.9713516487567451e-03 5.7256101999640186e-04
    -1.6590817165114216e+00</data></proj_dist>
<rotation type_id="opencv-matrix">
  <rows>3</rows>
  <cols>3</cols>
  <dt>d</dt>
  <data>
    9.9350374180342449e-01 9.9253900785529620e-03
    -1.1336578696583496e-01 -5.3812283212377313e-02
    9.1874963256735531e-01 -3.9115642757446856e-01
    1.0027239499516011e-01 3.9471584626049427e-01 9.1331530563808927e-01</data></rotation>
<translation type_id="opencv-matrix">
  <rows>3</rows>
  <cols>1</cols>
  <dt>d</dt>
  <data>
    9.1355796908030712e+01 -3.4650494384777124e+00
    5.1133089560228331e+02</data></translation>
</opencv_storage>
