<?xml version="1.0"?>
<opencv_storage>
<img_shape type_id="opencv-matrix">
  <rows>2</rows>
  <cols>1</cols>
  <dt>d</dt>
  <data>
    1080. 1920.</data></img_shape>
<rms>1.0888098475245256e+00</rms>
<cam_int type_id="opencv-matrix">
  <rows>3</rows>
  <cols>3</cols>
  <dt>d</dt>
  <data>
    2.2074727421370808e+03 0. 5.0730746570487406e+02 0.
    2.3790623661143172e+03 9.0609052201693066e+02 0. 0. 1.</data></cam_int>
<cam_dist type_id="opencv-matrix">
  <rows>1</rows>
  <cols>5</cols>
  <dt>d</dt>
  <data>
    2.2286431953678403e-02 7.5043111353391467e-01 6.0305055294022421e-02
    -2.5818745888153031e-02 -1.4027485425015698e+00</data></cam_dist>
<proj_int type_id="opencv-matrix">
  <rows>3</rows>
  <cols>3</cols>
  <dt>d</dt>
  <data>
    2.8462139449611213e+03 0. 4.6467632058765912e+02 0.
    2.9675602844350137e+03 6.9871892911058274e+02 0. 0. 1.</data></proj_int>
<proj_dist type_id="opencv-matrix">
  <rows>1</rows>
  <cols>5</cols>
  <dt>d</dt>
  <data>
    3.7282814542344625e-02 -1.0082389145623026e+01
    -9.6792367025926845e-03 5.3559452417903958e-03
    1.6628249174275697e+02</data></proj_dist>
<rotation type_id="opencv-matrix">
  <rows>3</rows>
  <cols>3</cols>
  <dt>d</dt>
  <data>
    9.9450260546640856e-01 2.4551367984136860e-02
    -1.0179291748757512e-01 -2.0330630121929781e-02
    9.9889824150217199e-01 4.2296200807089783e-02 1.0271919586606028e-01
    -3.9994167749509181e-02 9.9390604855119680e-01</data></rotation>
<translation type_id="opencv-matrix">
  <rows>3</rows>
  <cols>1</cols>
  <dt>d</dt>
  <data>
    -1.1507786055868172e+02 1.0679786153870762e+02
    1.0481560253546039e+02</data></translation>
</opencv_storage>
