<?xml version="1.0"?>
<opencv_storage>
<img_shape type_id="opencv-matrix">
  <rows>2</rows>
  <cols>1</cols>
  <dt>d</dt>
  <data>
    720. 1280.</data></img_shape>
<rms>5.1728480057390180e-01</rms>
<cam_int type_id="opencv-matrix">
  <rows>3</rows>
  <cols>3</cols>
  <dt>d</dt>
  <data>
    6.7364004728523628e+02 0. 5.5367834761712584e+02 0.
    6.6214334568399227e+02 3.7831213322526321e+02 0. 0. 1.</data></cam_int>
<cam_dist type_id="opencv-matrix">
  <rows>1</rows>
  <cols>5</cols>
  <dt>d</dt>
  <data>
    1.1208982014835699e-01 -8.4971355215872080e-01
    -9.8306808167758705e-03 -3.7885388025857385e-02
    1.9839663671222474e+00</data></cam_dist>
<proj_int type_id="opencv-matrix">
  <rows>3</rows>
  <cols>3</cols>
  <dt>d</dt>
  <data>
    1.8082176951506567e+03 0. 6.2819275284514447e+02 0.
    1.6909448228020740e+03 8.4266486047840385e+02 0. 0. 1.</data></proj_int>
<proj_dist type_id="opencv-matrix">
  <rows>1</rows>
  <cols>5</cols>
  <dt>d</dt>
  <data>
    -1.0691981828572552e-02 6.1739628788908540e-03
    -5.9211617512269386e-03 2.6236025656261662e-03
    -1.7612241352974692e-01</data></proj_dist>
<rotation type_id="opencv-matrix">
  <rows>3</rows>
  <cols>3</cols>
  <dt>d</dt>
  <data>
    9.8915646090043252e-01 1.6361060375567747e-02
    -1.4595140137154597e-01 -6.8716894824579405e-02
    9.2984414831553686e-01 -3.6148007996156817e-01
    1.2979785909096794e-01 3.6758968367833866e-01 9.2088562820181974e-01</data></rotation>
<translation type_id="opencv-matrix">
  <rows>3</rows>
  <cols>1</cols>
  <dt>d</dt>
  <data>
    8.6960962284289792e+01 1.6899818337996432e+01 4.7241156639684169e+02</data></translation>
</opencv_storage>
