<?xml version="1.0"?>
<opencv_storage>
<img_shape type_id="opencv-matrix">
  <rows>2</rows>
  <cols>1</cols>
  <dt>d</dt>
  <data>
    720. 1280.</data></img_shape>
<rms>5.1152933075131224e-01</rms>
<cam_int type_id="opencv-matrix">
  <rows>3</rows>
  <cols>3</cols>
  <dt>d</dt>
  <data>
    6.2668090157179586e+02 0. 6.2712979600493702e+02 0.
    6.2903272119212488e+02 3.5297112893117941e+02 0. 0. 1.</data></cam_int>
<cam_dist type_id="opencv-matrix">
  <rows>1</rows>
  <cols>5</cols>
  <dt>d</dt>
  <data>
    9.7203172679884375e-02 1.3583403508368316e-01
    -8.3075650357800623e-03 -8.1453475060016892e-03
    -5.9833136454437319e-01</data></cam_dist>
<proj_int type_id="opencv-matrix">
  <rows>3</rows>
  <cols>3</cols>
  <dt>d</dt>
  <data>
    1.7240712009614906e+03 0. 7.0411736949772092e+02 0.
    1.7461239167012063e+03 8.5360565249305387e+02 0. 0. 1.</data></proj_int>
<proj_dist type_id="opencv-matrix">
  <rows>1</rows>
  <cols>5</cols>
  <dt>d</dt>
  <data>
    -6.4947587906984877e-02 6.9278902954502342e-01
    8.7254651727443761e-03 1.5365886087869632e-02
    -1.5720896204420476e+00</data></proj_dist>
<rotation type_id="opencv-matrix">
  <rows>3</rows>
  <cols>3</cols>
  <dt>d</dt>
  <data>
    9.9637238967513309e-01 -5.0942260063322805e-03
    -8.4947689518086941e-02 -2.9348666697063305e-02
    9.1639701812341112e-01 -3.9919313738793799e-01
    7.9879389432879214e-02 4.0023812166748546e-01 9.1292317809765000e-01</data></rotation>
<translation type_id="opencv-matrix">
  <rows>3</rows>
  <cols>1</cols>
  <dt>d</dt>
  <data>
    6.7370437626888474e+01 -3.4378696331253211e+00
    5.1938208425627374e+02</data></translation>
</opencv_storage>
