<?xml version="1.0"?>
<opencv_storage>
<img_shape type_id="opencv-matrix">
  <rows>2</rows>
  <cols>1</cols>
  <dt>d</dt>
  <data>
    1536. 2048.</data></img_shape>
<rms>3.5514569833600316e+00</rms>
<cam_int type_id="opencv-matrix">
  <rows>3</rows>
  <cols>3</cols>
  <dt>d</dt>
  <data>
    9.9651605954919478e+02 0. 9.9939187040300749e+02 0.
    9.9848403650432590e+02 7.4133803577798074e+02 0. 0. 1.</data></cam_int>
<cam_dist type_id="opencv-matrix">
  <rows>1</rows>
  <cols>5</cols>
  <dt>d</dt>
  <data>
    1.2192156399498728e-01 1.2050756678520316e-02
    -1.5277515357661182e-02 -1.0239014671414045e-02
    -2.8146166014205454e-01</data></cam_dist>
<proj_int type_id="opencv-matrix">
  <rows>3</rows>
  <cols>3</cols>
  <dt>d</dt>
  <data>
    2.3497019268757117e+03 0. 8.1962491236544804e+02 0.
    2.3442613050731920e+03 9.8911409154398791e+02 0. 0. 1.</data></proj_int>
<proj_dist type_id="opencv-matrix">
  <rows>1</rows>
  <cols>5</cols>
  <dt>d</dt>
  <data>
    -6.5237737014716246e-02 8.4653523324937896e-01
    -2.0304351826521422e-02 -1.7922740012534757e-02
    -2.2439122891659702e+00</data></proj_dist>
<rotation type_id="opencv-matrix">
  <rows>3</rows>
  <cols>3</cols>
  <dt>d</dt>
  <data>
    9.9983117670060839e-01 1.8374364407444579e-02
    -2.8811443868650716e-05 -1.7222796636537526e-02
    9.3662054865780453e-01 -3.4992188143637087e-01
    -6.4026067732866187e-03 3.4986330268345606e-01
    9.3677888322801717e-01</data></rotation>
<translation type_id="opencv-matrix">
  <rows>3</rows>
  <cols>1</cols>
  <dt>d</dt>
  <data>
    1.1712044833904581e+02 3.4509913824970887e+01 5.0983431475225865e+02</data></translation>
</opencv_storage>
