<?xml version="1.0"?>
<opencv_storage>
<img_shape type_id="opencv-matrix">
  <rows>2</rows>
  <cols>1</cols>
  <dt>d</dt>
  <data>
    1536. 2048.</data></img_shape>
<rms>1.9019381180069543e+00</rms>
<cam_int type_id="opencv-matrix">
  <rows>3</rows>
  <cols>3</cols>
  <dt>d</dt>
  <data>
    1.0147692167707950e+03 0. 1.0495440774072438e+03 0.
    1.0210281257485848e+03 7.3304943106942244e+02 0. 0. 1.</data></cam_int>
<cam_dist type_id="opencv-matrix">
  <rows>1</rows>
  <cols>5</cols>
  <dt>d</dt>
  <data>
    3.3260908821893080e-02 7.4062780505354753e-01
    -1.8290895918836356e-02 1.1203555868209304e-02
    -1.7127888807751652e+00</data></cam_dist>
<proj_int type_id="opencv-matrix">
  <rows>3</rows>
  <cols>3</cols>
  <dt>d</dt>
  <data>
    2.3615942809747926e+03 0. 9.9128829355068774e+02 0.
    2.3693429563883060e+03 1.1180463392989436e+03 0. 0. 1.</data></proj_int>
<proj_dist type_id="opencv-matrix">
  <rows>1</rows>
  <cols>5</cols>
  <dt>d</dt>
  <data>
    1.2715736334620734e-03 -3.2098267091681884e-02
    -7.5168444124934387e-03 3.8887880805543776e-03
    3.7577515829662855e-01</data></proj_dist>
<rotation type_id="opencv-matrix">
  <rows>3</rows>
  <cols>3</cols>
  <dt>d</dt>
  <data>
    9.9984649581988583e-01 6.5865890826133713e-04
    -1.7508596892314574e-02 -7.6171388221016739e-03
    9.1625823577702348e-01 -4.0051569827778460e-01
    1.5778592866914059e-02 4.0058758285700663e-01 9.1612260340410834e-01</data></rotation>
<translation type_id="opencv-matrix">
  <rows>3</rows>
  <cols>1</cols>
  <dt>d</dt>
  <data>
    7.8806669709895317e+01 4.3170435809564625e+00 5.2325938695066804e+02</data></translation>
</opencv_storage>
