<?xml version="1.0"?>
<opencv_storage>
<img_shape type_id="opencv-matrix">
  <rows>2</rows>
  <cols>1</cols>
  <dt>d</dt>
  <data>
    720. 1280.</data></img_shape>
<rms>7.7698679841089235e-01</rms>
<cam_int type_id="opencv-matrix">
  <rows>3</rows>
  <cols>3</cols>
  <dt>d</dt>
  <data>
    6.6777304861441996e+02 0. 5.3381569120226015e+02 0.
    6.5009644597463716e+02 3.6519096934035611e+02 0. 0. 1.</data></cam_int>
<cam_dist type_id="opencv-matrix">
  <rows>1</rows>
  <cols>5</cols>
  <dt>d</dt>
  <data>
    1.7637741787765218e-01 -6.0325897578973009e-01
    -1.1220595259210375e-02 -5.9158523088357361e-02
    9.7510679217506169e-01</data></cam_dist>
<proj_int type_id="opencv-matrix">
  <rows>3</rows>
  <cols>3</cols>
  <dt>d</dt>
  <data>
    2.6793259004498136e+03 0. 9.8141476240832071e+02 0.
    2.2670467464463832e+03 1.1238330953872783e+03 0. 0. 1.</data></proj_int>
<proj_dist type_id="opencv-matrix">
  <rows>1</rows>
  <cols>5</cols>
  <dt>d</dt>
  <data>
    -2.1757391122214759e-03 4.1785065829357003e-02
    2.3303668522391074e-03 5.1307200957777972e-03
    -1.2375659110927589e-01</data></proj_dist>
<rotation type_id="opencv-matrix">
  <rows>3</rows>
  <cols>3</cols>
  <dt>d</dt>
  <data>
    9.8153909134623307e-01 1.9218439466614237e-02
    -1.9029362507367187e-01 -9.0308648359242447e-02
    9.2361351963076033e-01 -3.7253511832685754e-01
    1.6859822119683771e-01 3.8284294160888893e-01 9.0829836610527659e-01</data></rotation>
<translation type_id="opencv-matrix">
  <rows>3</rows>
  <cols>1</cols>
  <dt>d</dt>
  <data>
    8.0390371037692418e+01 1.6273095424578809e+01 4.6789246136343633e+02</data></translation>
</opencv_storage>
