<?xml version="1.0"?>
<opencv_storage>
<img_shape type_id="opencv-matrix">
  <rows>2</rows>
  <cols>1</cols>
  <dt>d</dt>
  <data>
    720. 1280.</data></img_shape>
<rms>3.4950544567353475e-01</rms>
<cam_int type_id="opencv-matrix">
  <rows>3</rows>
  <cols>3</cols>
  <dt>d</dt>
  <data>
    6.2991683946248963e+02 0. 6.4440674244524598e+02 0.
    6.2875747564258756e+02 3.5827597872200636e+02 0. 0. 1.</data></cam_int>
<cam_dist type_id="opencv-matrix">
  <rows>1</rows>
  <cols>5</cols>
  <dt>d</dt>
  <data>
    8.3007542223288627e-02 2.0653467016580240e-01
    -6.7212956514014878e-03 5.3959693005796606e-03
    1.8881104343938948e-01</data></cam_dist>
<proj_int type_id="opencv-matrix">
  <rows>3</rows>
  <cols>3</cols>
  <dt>d</dt>
  <data>
    1.7040183412861738e+03 0. 5.8645353720314040e+02 0.
    1.6970191964393077e+03 8.3398008812105820e+02 0. 0. 1.</data></proj_int>
<proj_dist type_id="opencv-matrix">
  <rows>1</rows>
  <cols>5</cols>
  <dt>d</dt>
  <data>
    1.1677653342263120e-02 -3.7858057514222548e-01
    -6.2803722587123512e-03 -5.4620935866867108e-03
    1.4094854608649725e+00</data></proj_dist>
<rotation type_id="opencv-matrix">
  <rows>3</rows>
  <cols>3</cols>
  <dt>d</dt>
  <data>
    9.9988098711388140e-01 1.3332309754246246e-02 7.7628039255745220e-03
    -9.2604527649027754e-03 9.2111157655822606e-01
    -3.8918852442615554e-01 -1.2339190522845871e-02
    3.8907031889754334e-01 9.2112541563578887e-01</data></rotation>
<translation type_id="opencv-matrix">
  <rows>3</rows>
  <cols>1</cols>
  <dt>d</dt>
  <data>
    1.0097895202100580e+02 5.0155296092616606e+00 5.0253132334277115e+02</data></translation>
</opencv_storage>
